19800,100,140,190,195
19801,85,135,150,170
19802,65,115,130,155 
19803,85,125,185,210 
19804,65,105,165,200 
19805,105,135,165,200,220
19806,95,125,155,195,220
19807,65,110,120,220,255,260
19808,105,185,205,230,275
19809,90,170,190,215,275
19810,80,110,170,210 
19811,100,130,190,230,235
19812,70,105,145,195,215,
19813,90,130,180,240,260,265
19814,50,80,140,205 
19815,70,100,145,180,210
19816,80,160,190,210,245
19817,65,125,140,160 
19818,75,110,170,205 
19819,70,105,165,200 
19820,100,135,195,240,245
19821,100,135,180,230,250
19822,100,145,195,260,275,280
19823,65,100,160,215 
19824,85,120,160,225,240
19825,75,110,150,215,235
19826,105,130,180,245,260,275
19827,65,100,160,220 
19828,100,135,165,225,240
19829,100,135,170,230,250
19830,90,135,175,240,265,275
19831,65,105,165,225 
19832,70,105,165,230 
19833,85,120,160,210 
19834,80,115,155,205,230
19835,80,115,165,230,250,260
19836,65,115,130,165 
19837,65,100,150,185 
19838,50,85,135,200 
19839,80,115,145,195,220
19840,80,115,145,195,225
19841,80,160,180,220,255
19842,70,105,165,215 
19843,50,85,145,200 
19844,100,135,170,220,240
19845,85,120,155,205,230,
19846,85,120,165,235,255,260
